%YAML:1.0
T_lidar_to_camera: !!opencv-matrix
  rows: 4
  cols: 4
  dt: d
  data: [7.20693415e-03,-9.99941349e-01,-8.08449171e-03,-1.19845993e-02,
         4.85949000e-04,-8.08119854e-03,9.99967229e-01,-5.40398473e-02,
         -9.99973912e-01,-7.21062662e-03,4.27679833e-04,-2.92196865e-01,
         0.00000000e+00,0.00000000e+00,0.00000000e+00,1.00000000e+00]